1 2.2107497999995758
2 1.4383923999994295
3 1.2126657999997406
4 1.1093939000002138
5 1.0531410999992659
6 1.0604309000000285
7 1.0732779999998456
8 1.0686079999995854
9 1.0835955000002286
10 1.1085750000002008
11 1.1340718999999808
12 1.1211535000002186
13 1.141515199999958
14 1.1844403000004604
15 1.1902847999999722
16 1.2619285999999192
17 1.2696094000002631
18 1.3042654000000766
19 1.3400580999996237
20 1.372802199999569
21 1.4035546000004615
22 1.432575299999371
23 1.488712100000157
24 1.599103200000172410
